[2(0)] [2(0)] [2(0)] [2(0)] [2(0)] [2(0)] [2(0)] [2(0)] [2(0)] [2(0)] [2(0)] [2(0)] [2(0)] [2(0)] [2(0)] [2(0)] [2(0)] [2(0)]
[2(0)] [3(0)] [3(0)] [3(0)] [3(0)] [3(0)] [3(0)] [3(0)] [3(0)] [3(0)] [3(0)] [3(0)] [3(0)] [3(0)] [3(0)] [3(0)] [3(0)] [2(0)]
[2(0)] [3(0)] [3(0)] [3(101)] [3(0)] [3(0)] [3(0)] [3(0)] [3(0)] [3(0)] [3(0)] [3(0)] [3(0)] [3(0)] [3(0)] [3(0)] [3(0)] [2(0)]
[2(0)] [3(0)] [3(0)] [3(0)] [3(0)] [3(0)] [3(0)] [4(0)] [4(0)] [4(0)] [4(0)] [3(0)] [3(0),5(1000)] [3(0)] [3(0)] [3(0)] [3(0)] [2(0)]
[2(0)] [3(0)] [3(0)] [3(0)] [3(0)] [3(0)] [3(0)] [4(0)] [0(0)] [0(0)] [4(0)] [3(0)] [3(0)] [3(0)] [3(0)] [3(0)] [3(0)] [2(0)]
[2(0)] [3(0)] [3(0)] [3(0)] [3(0)] [3(0)] [3(0)] [4(0)] [0(0)] [0(0)] [4(0)] [3(0)] [3(0)] [3(0)] [3(0)] [3(0)] [3(0)] [2(0)]
[2(0)] [3(0)] [3(0)] [3(0)] [3(0)] [3(0)] [3(0)] [4(0)] [4(0)] [4(0)] [4(0)] [3(0)] [3(0)] [3(0)] [3(0)] [3(0)] [3(0)] [2(0)]
[2(0)] [3(0)] [3(0)] [3(0)] [3(0)] [3(0)] [3(0)] [3(0)] [3(0)] [3(0)] [3(0)] [3(0)] [3(0)] [3(0)] [3(0)] [3(0)] [3(0)] [2(0)]
[2(0)] [3(0)] [3(0)] [3(0)] [3(0)] [3(0)] [3(0)] [3(0)] [3(0)] [3(0)] [3(0)] [3(0)] [3(0)] [3(0)] [3(0)] [3(0)] [3(0)] [2(0)]
[2(0)] [2(0)] [2(0)] [2(0)] [2(0)] [2(0)] [2(0)] [2(0)] [2(0)] [2(0)] [2(0)] [2(0)] [2(0)] [2(0)] [2(0)] [2(0)] [2(0)] [2(0)]
